3
10
6275	35391	62303	48114	47290	26674	67883	37235	19730	75656
20
45718	33592	91539	80343	38859	38173	80226	67339	7186	63911	24820	69512	81570	50256	84932	42887	85312	70480	11225	30397
100
31247	94919	97982	61211	81240	51897	8021	63213	73728	88639
69618	98822	47738	78383	73242	57132	89957	13952	63040	83898
19363	91707	59852	7341	27402	96571	93486	17172	74641	79865
90997	11738	92990	43128	60498	74162	61872	60977	49594	95654
67880	91018	23033	16596	75585	42497	92785	62618	64918	13636
30057	32075	55137	38148	18794	47264	11729	95409	81471	91879
26529	15277	74026	37755	75326	1227	92766	8916	89020	39652
84019	86392	94221	31417	40432	23116	7541	44673	14835	86482
18063	87767	2025	35151	83092	12764	69329	64906	67151	6050
22887	91155	76976	60282	39606	54135	10968	90627	94742	98070